variable,ColumnTypeFlag,NumberOfRecords,NumberOfMissing,pctOfMissing,NumberInThisCategory,pctOfThsCategory,AvgValue,minValue,percentile1,percentile5,percentile10,percentile25,percentile50,percentile75,percentile90,percentile95,percentile99,maxValue
relapse_fu_any_01,1,408,0,0.0,106,0.26,0.26,,,,,,,,,,,
edssprog,1,408,0,0.0,57,0.14,0.14,,,,,,,,,,,
edssconf3,1,408,0,0.0,25,0.061,0.061,,,,,,,,,,,
relapse_or_prog,1,408,0,0.0,137,0.336,0.336,,,,,,,,,,,
relapse_and_prog,1,408,0,0.0,26,0.064,0.064,,,,,,,,,,,
relapse_or_conf,1,408,0,0.0,121,0.297,0.297,,,,,,,,,,,
age__31to40,1,408,0,0.0,132,0.324,0.324,,,,,,,,,,,
age__41to50,1,408,0,0.0,141,0.346,0.346,,,,,,,,,,,
age__ge51,1,408,0,0.0,38,0.093,0.093,,,,,,,,,,,
age__le30,1,408,0,0.0,97,0.238,0.238,,,,,,,,,,,
avl_idx_alem__0,1,408,0,0.0,364,0.892,0.892,,,,,,,,,,,
avl_idx_alem__1,1,408,0,0.0,44,0.108,0.108,,,,,,,,,,,
avl_idx_fing__0,1,408,0,0.0,120,0.294,0.294,,,,,,,,,,,
avl_idx_fing__1,1,408,0,0.0,288,0.706,0.706,,,,,,,,,,,
avl_idx_tecf__0,1,408,0,0.0,384,0.941,0.941,,,,,,,,,,,
avl_idx_tecf__1,1,408,0,0.0,24,0.059,0.059,,,,,,,,,,,
avl_idx_teri__0,1,408,0,0.0,362,0.887,0.887,,,,,,,,,,,
avl_idx_teri__1,1,408,0,0.0,46,0.113,0.113,,,,,,,,,,,
baseline_edss_score__0_1,1,408,0,0.0,154,0.377,0.377,,,,,,,,,,,
baseline_edss_score__1d5_2,1,408,0,0.0,127,0.311,0.311,,,,,,,,,,,
baseline_edss_score__ge2d5,1,408,0,0.0,127,0.311,0.311,,,,,,,,,,,
birth_region__Central_Europe,1,408,0,0.0,312,0.765,0.765,,,,,,,,,,,
birth_region__missing,1,408,0,0.0,47,0.115,0.115,,,,,,,,,,,
birth_region__others,1,408,0,0.0,49,0.12,0.12,,,,,,,,,,,
dayssup_gt360,1,408,0,0.0,219,0.537,0.537,,,,,,,,,,,
dayssup_le360,1,408,0,0.0,189,0.463,0.463,,,,,,,,,,,
gender__F,1,408,0,0.0,299,0.733,0.733,,,,,,,,,,,
gender__M,1,408,0,0.0,109,0.267,0.267,,,,,,,,,,,
last_cranial_num__gt8,1,408,0,0.0,92,0.225,0.225,,,,,,,,,,,
last_cranial_num__le8,1,408,0,0.0,84,0.206,0.206,,,,,,,,,,,
last_cranial_num__missing,1,408,0,0.0,232,0.569,0.569,,,,,,,,,,,
last_spinal_num__gt2,1,408,0,0.0,32,0.078,0.078,,,,,,,,,,,
last_spinal_num__le2,1,408,0,0.0,39,0.096,0.096,,,,,,,,,,,
last_spinal_num__missing,1,408,0,0.0,337,0.826,0.826,,,,,,,,,,,
pre_dmts_1__1,1,408,0,0.0,385,0.944,0.944,,,,,,,,,,,
pre_dmts_1__2,1,408,0,0.0,23,0.056,0.056,,,,,,,,,,,
pre_dmts_2__0_1,1,408,0,0.0,398,0.975,0.975,,,,,,,,,,,
pre_dmts_2__2,1,408,0,0.0,10,0.025,0.025,,,,,,,,,,,
pre_dmts_3__0_1,1,408,0,0.0,406,0.995,0.995,,,,,,,,,,,
pre_dmts_3__2,1,408,0,0.0,2,0.005,0.005,,,,,,,,,,,
pre_dmts_4__0_1,1,408,0,0.0,405,0.993,0.993,,,,,,,,,,,
pre_dmts_4__2,1,408,0,0.0,3,0.007,0.007,,,,,,,,,,,
pre1_edss_score__0_1,1,408,0,0.0,71,0.174,0.174,,,,,,,,,,,
pre1_edss_score__1d5_2,1,408,0,0.0,55,0.135,0.135,,,,,,,,,,,
pre1_edss_score__ge2d5,1,408,0,0.0,53,0.13,0.13,,,,,,,,,,,
pre1_edss_score__missing,1,408,0,0.0,229,0.561,0.561,,,,,,,,,,,
pre1_edssconf3__0,1,408,0,0.0,161,0.395,0.395,,,,,,,,,,,
pre1_edssconf3__1,1,408,0,0.0,18,0.044,0.044,,,,,,,,,,,
pre1_edssconf3__missing,1,408,0,0.0,229,0.561,0.561,,,,,,,,,,,
pre1_edssprog__0,1,408,0,0.0,154,0.377,0.377,,,,,,,,,,,
pre1_edssprog__1,1,408,0,0.0,25,0.061,0.061,,,,,,,,,,,
pre1_edssprog__missing,1,408,0,0.0,229,0.561,0.561,,,,,,,,,,,
pre2_edss_score__0_1,1,408,0,0.0,40,0.098,0.098,,,,,,,,,,,
pre2_edss_score__1d5_2,1,408,0,0.0,29,0.071,0.071,,,,,,,,,,,
pre2_edss_score__ge2d5,1,408,0,0.0,30,0.074,0.074,,,,,,,,,,,
pre2_edss_score__missing,1,408,0,0.0,309,0.757,0.757,,,,,,,,,,,
pre2_edssconf3__0,1,408,0,0.0,75,0.184,0.184,,,,,,,,,,,
pre2_edssconf3__1,1,408,0,0.0,9,0.022,0.022,,,,,,,,,,,
pre2_edssconf3__missing,1,408,0,0.0,324,0.794,0.794,,,,,,,,,,,
pre2_edssprog__0,1,408,0,0.0,75,0.184,0.184,,,,,,,,,,,
pre2_edssprog__1,1,408,0,0.0,9,0.022,0.022,,,,,,,,,,,
pre2_edssprog__missing,1,408,0,0.0,324,0.794,0.794,,,,,,,,,,,
pre3_edss_score__0_1,1,408,0,0.0,16,0.039,0.039,,,,,,,,,,,
pre3_edss_score__1d5_2,1,408,0,0.0,4,0.01,0.01,,,,,,,,,,,
pre3_edss_score__ge2d5,1,408,0,0.0,15,0.037,0.037,,,,,,,,,,,
pre3_edss_score__missing,1,408,0,0.0,373,0.914,0.914,,,,,,,,,,,
pre3_edssconf3__0,1,408,0,0.0,26,0.064,0.064,,,,,,,,,,,
pre3_edssconf3__1,1,408,0,0.0,4,0.01,0.01,,,,,,,,,,,
pre3_edssconf3__missing,1,408,0,0.0,378,0.926,0.926,,,,,,,,,,,
pre3_edssprog__0,1,408,0,0.0,25,0.061,0.061,,,,,,,,,,,
pre3_edssprog__1,1,408,0,0.0,5,0.012,0.012,,,,,,,,,,,
pre3_edssprog__missing,1,408,0,0.0,378,0.926,0.926,,,,,,,,,,,
relapse_pre_181to360_01__0,1,408,0,0.0,337,0.826,0.826,,,,,,,,,,,
relapse_pre_181to360_01__1,1,408,0,0.0,71,0.174,0.174,,,,,,,,,,,
relapse_pre_1to2_01__0,1,408,0,0.0,315,0.772,0.772,,,,,,,,,,,
relapse_pre_1to2_01__1,1,408,0,0.0,93,0.228,0.228,,,,,,,,,,,
relapse_pre_2to3_01__0,1,408,0,0.0,367,0.9,0.9,,,,,,,,,,,
relapse_pre_2to3_01__1,1,408,0,0.0,41,0.1,0.1,,,,,,,,,,,
relapse_pre_3to4_01__0,1,408,0,0.0,388,0.951,0.951,,,,,,,,,,,
relapse_pre_3to4_01__1,1,408,0,0.0,20,0.049,0.049,,,,,,,,,,,
relapse_pre_90_01__0,1,408,0,0.0,334,0.819,0.819,,,,,,,,,,,
relapse_pre_90_01__1,1,408,0,0.0,74,0.181,0.181,,,,,,,,,,,
relapse_pre_91to180_01__0,1,408,0,0.0,345,0.846,0.846,,,,,,,,,,,
relapse_pre_91to180_01__1,1,408,0,0.0,63,0.154,0.154,,,,,,,,,,,
years_diag_idx__gt2_le5,1,408,0,0.0,94,0.23,0.23,,,,,,,,,,,
years_diag_idx__gt5,1,408,0,0.0,154,0.377,0.377,,,,,,,,,,,
years_diag_idx__le2,1,408,0,0.0,158,0.387,0.387,,,,,,,,,,,
years_diag_idx__missing,1,408,0,0.0,2,0.005,0.005,,,,,,,,,,,
