variable,ColumnTypeFlag,NumberOfRecords,NumberOfMissing,pctOfMissing,NumberInThisCategory,pctOfThsCategory,AvgValue,minValue,percentile1,percentile5,percentile10,percentile25,percentile50,percentile75,percentile90,percentile95,percentile99,maxValue
relapse_fu_any_01,1,3934,0,0.0,785,0.2,0.2,,,,,,,,,,,
edssprog,1,3934,0,0.0,386,0.098,0.098,,,,,,,,,,,
edssconf3,1,3934,0,0.0,180,0.046,0.046,,,,,,,,,,,
relapse_or_prog,1,3934,0,0.0,1017,0.259,0.259,,,,,,,,,,,
relapse_and_prog,1,3934,0,0.0,154,0.039,0.039,,,,,,,,,,,
relapse_or_conf,1,3934,0,0.0,903,0.23,0.23,,,,,,,,,,,
age__31to40,1,3934,0,0.0,1132,0.288,0.288,,,,,,,,,,,
age__41to50,1,3934,0,0.0,1328,0.338,0.338,,,,,,,,,,,
age__ge51,1,3934,0,0.0,686,0.174,0.174,,,,,,,,,,,
age__le30,1,3934,0,0.0,788,0.2,0.2,,,,,,,,,,,
avl_idx_alem__0,1,3934,0,0.0,2516,0.64,0.64,,,,,,,,,,,
avl_idx_alem__1,1,3934,0,0.0,1418,0.36,0.36,,,,,,,,,,,
avl_idx_fing__0,1,3934,0,0.0,816,0.207,0.207,,,,,,,,,,,
avl_idx_fing__1,1,3934,0,0.0,3118,0.793,0.793,,,,,,,,,,,
avl_idx_tecf__0,1,3934,0,0.0,2863,0.728,0.728,,,,,,,,,,,
avl_idx_tecf__1,1,3934,0,0.0,1071,0.272,0.272,,,,,,,,,,,
avl_idx_teri__0,1,3934,0,0.0,2466,0.627,0.627,,,,,,,,,,,
avl_idx_teri__1,1,3934,0,0.0,1468,0.373,0.373,,,,,,,,,,,
baseline_edss_score__0_1,1,3934,0,0.0,1666,0.423,0.423,,,,,,,,,,,
baseline_edss_score__1d5_2,1,3934,0,0.0,1080,0.275,0.275,,,,,,,,,,,
baseline_edss_score__ge2d5,1,3934,0,0.0,1188,0.302,0.302,,,,,,,,,,,
birth_region__Central_Europe,1,3934,0,0.0,2873,0.73,0.73,,,,,,,,,,,
birth_region__missing,1,3934,0,0.0,571,0.145,0.145,,,,,,,,,,,
birth_region__others,1,3934,0,0.0,490,0.125,0.125,,,,,,,,,,,
dayssup_gt360,1,3934,0,0.0,2747,0.698,0.698,,,,,,,,,,,
dayssup_le360,1,3934,0,0.0,1187,0.302,0.302,,,,,,,,,,,
gender__F,1,3934,0,0.0,2867,0.729,0.729,,,,,,,,,,,
gender__M,1,3934,0,0.0,1067,0.271,0.271,,,,,,,,,,,
last_cranial_num__gt8,1,3934,0,0.0,726,0.185,0.185,,,,,,,,,,,
last_cranial_num__le8,1,3934,0,0.0,648,0.165,0.165,,,,,,,,,,,
last_cranial_num__missing,1,3934,0,0.0,2560,0.651,0.651,,,,,,,,,,,
last_spinal_num__gt2,1,3934,0,0.0,194,0.049,0.049,,,,,,,,,,,
last_spinal_num__le2,1,3934,0,0.0,304,0.077,0.077,,,,,,,,,,,
last_spinal_num__missing,1,3934,0,0.0,3436,0.873,0.873,,,,,,,,,,,
pre_dmts_1__0,1,3934,0,0.0,3737,0.95,0.95,,,,,,,,,,,
pre_dmts_1__1_OR_2,1,3934,0,0.0,197,0.05,0.05,,,,,,,,,,,
pre_dmts_2__0,1,3934,0,0.0,3614,0.919,0.919,,,,,,,,,,,
pre_dmts_2__1_OR_2,1,3934,0,0.0,320,0.081,0.081,,,,,,,,,,,
pre_dmts_3__0,1,3934,0,0.0,3585,0.911,0.911,,,,,,,,,,,
pre_dmts_3__1_OR_2,1,3934,0,0.0,349,0.089,0.089,,,,,,,,,,,
pre_dmts_4__0,1,3934,0,0.0,3598,0.915,0.915,,,,,,,,,,,
pre_dmts_4__1_OR_2,1,3934,0,0.0,336,0.085,0.085,,,,,,,,,,,
pre1_edss_score__0_1,1,3934,0,0.0,980,0.249,0.249,,,,,,,,,,,
pre1_edss_score__1d5_2,1,3934,0,0.0,621,0.158,0.158,,,,,,,,,,,
pre1_edss_score__ge2d5,1,3934,0,0.0,621,0.158,0.158,,,,,,,,,,,
pre1_edss_score__missing,1,3934,0,0.0,1712,0.435,0.435,,,,,,,,,,,
pre1_edssconf3__0,1,3934,0,0.0,2045,0.52,0.52,,,,,,,,,,,
pre1_edssconf3__1,1,3934,0,0.0,177,0.045,0.045,,,,,,,,,,,
pre1_edssconf3__missing,1,3934,0,0.0,1712,0.435,0.435,,,,,,,,,,,
pre1_edssprog__0,1,3934,0,0.0,1991,0.506,0.506,,,,,,,,,,,
pre1_edssprog__1,1,3934,0,0.0,231,0.059,0.059,,,,,,,,,,,
pre1_edssprog__missing,1,3934,0,0.0,1712,0.435,0.435,,,,,,,,,,,
pre2_edss_score__0_1,1,3934,0,0.0,579,0.147,0.147,,,,,,,,,,,
pre2_edss_score__1d5_2,1,3934,0,0.0,351,0.089,0.089,,,,,,,,,,,
pre2_edss_score__ge2d5,1,3934,0,0.0,342,0.087,0.087,,,,,,,,,,,
pre2_edss_score__missing,1,3934,0,0.0,2662,0.677,0.677,,,,,,,,,,,
pre2_edssconf3__0,1,3934,0,0.0,1031,0.262,0.262,,,,,,,,,,,
pre2_edssconf3__1,1,3934,0,0.0,95,0.024,0.024,,,,,,,,,,,
pre2_edssconf3__missing,1,3934,0,0.0,2808,0.714,0.714,,,,,,,,,,,
pre2_edssprog__0,1,3934,0,0.0,1011,0.257,0.257,,,,,,,,,,,
pre2_edssprog__1,1,3934,0,0.0,115,0.029,0.029,,,,,,,,,,,
pre2_edssprog__missing,1,3934,0,0.0,2808,0.714,0.714,,,,,,,,,,,
pre3_edss_score__0_1,1,3934,0,0.0,332,0.084,0.084,,,,,,,,,,,
pre3_edss_score__1d5_2,1,3934,0,0.0,213,0.054,0.054,,,,,,,,,,,
pre3_edss_score__ge2d5,1,3934,0,0.0,195,0.05,0.05,,,,,,,,,,,
pre3_edss_score__missing,1,3934,0,0.0,3194,0.812,0.812,,,,,,,,,,,
pre3_edssconf3__0,1,3934,0,0.0,583,0.148,0.148,,,,,,,,,,,
pre3_edssconf3__1,1,3934,0,0.0,49,0.012,0.012,,,,,,,,,,,
pre3_edssconf3__missing,1,3934,0,0.0,3302,0.839,0.839,,,,,,,,,,,
pre3_edssprog__0,1,3934,0,0.0,577,0.147,0.147,,,,,,,,,,,
pre3_edssprog__1,1,3934,0,0.0,55,0.014,0.014,,,,,,,,,,,
pre3_edssprog__missing,1,3934,0,0.0,3302,0.839,0.839,,,,,,,,,,,
relapse_pre_181to360_01__0,1,3934,0,0.0,3293,0.837,0.837,,,,,,,,,,,
relapse_pre_181to360_01__1,1,3934,0,0.0,641,0.163,0.163,,,,,,,,,,,
relapse_pre_1to2_01__0,1,3934,0,0.0,3059,0.778,0.778,,,,,,,,,,,
relapse_pre_1to2_01__1,1,3934,0,0.0,875,0.222,0.222,,,,,,,,,,,
relapse_pre_2to3_01__0,1,3934,0,0.0,3453,0.878,0.878,,,,,,,,,,,
relapse_pre_2to3_01__1,1,3934,0,0.0,481,0.122,0.122,,,,,,,,,,,
relapse_pre_3to4_01__0,1,3934,0,0.0,3644,0.926,0.926,,,,,,,,,,,
relapse_pre_3to4_01__1,1,3934,0,0.0,290,0.074,0.074,,,,,,,,,,,
relapse_pre_90_01__0,1,3934,0,0.0,3677,0.935,0.935,,,,,,,,,,,
relapse_pre_90_01__1,1,3934,0,0.0,257,0.065,0.065,,,,,,,,,,,
relapse_pre_91to180_01__0,1,3934,0,0.0,3654,0.929,0.929,,,,,,,,,,,
relapse_pre_91to180_01__1,1,3934,0,0.0,280,0.071,0.071,,,,,,,,,,,
years_diag_idx__gt2_le5,1,3934,0,0.0,831,0.211,0.211,,,,,,,,,,,
years_diag_idx__gt5,1,3934,0,0.0,1829,0.465,0.465,,,,,,,,,,,
years_diag_idx__le2,1,3934,0,0.0,1257,0.32,0.32,,,,,,,,,,,
years_diag_idx__missing,1,3934,0,0.0,17,0.004,0.004,,,,,,,,,,,
