variable,ColumnTypeFlag,NumberOfRecords,NumberOfMissing,pctOfMissing,NumberInThisCategory,pctOfThsCategory,AvgValue,minValue,percentile1,percentile5,percentile10,percentile25,percentile50,percentile75,percentile90,percentile95,percentile99,maxValue
relapse_fu_any_01,1,645,0,0.0,92,0.143,0.143,,,,,,,,,,,
edssprog,1,645,0,0.0,50,0.078,0.078,,,,,,,,,,,
edssconf3,1,645,0,0.0,17,0.026,0.026,,,,,,,,,,,
relapse_or_prog,1,645,0,0.0,122,0.189,0.189,,,,,,,,,,,
relapse_and_prog,1,645,0,0.0,20,0.031,0.031,,,,,,,,,,,
relapse_or_conf,1,645,0,0.0,104,0.161,0.161,,,,,,,,,,,
age__31to40,1,645,0,0.0,155,0.24,0.24,,,,,,,,,,,
age__41to50,1,645,0,0.0,239,0.371,0.371,,,,,,,,,,,
age__ge51,1,645,0,0.0,129,0.2,0.2,,,,,,,,,,,
age__le30,1,645,0,0.0,122,0.189,0.189,,,,,,,,,,,
avl_idx_alem__1,2,645,0,0.0,645,1.0,1.0,,,,,,,,,,,
avl_idx_fing__1,2,645,0,0.0,645,1.0,1.0,,,,,,,,,,,
avl_idx_tecf__0,1,645,0,0.0,67,0.104,0.104,,,,,,,,,,,
avl_idx_tecf__1,1,645,0,0.0,578,0.896,0.896,,,,,,,,,,,
avl_idx_teri__1,2,645,0,0.0,645,1.0,1.0,,,,,,,,,,,
baseline_edss_score__0_1,1,645,0,0.0,243,0.377,0.377,,,,,,,,,,,
baseline_edss_score__1d5_2,1,645,0,0.0,177,0.274,0.274,,,,,,,,,,,
baseline_edss_score__ge2d5,1,645,0,0.0,225,0.349,0.349,,,,,,,,,,,
birth_region__Central_Europe,1,645,0,0.0,465,0.721,0.721,,,,,,,,,,,
birth_region__missing,1,645,0,0.0,73,0.113,0.113,,,,,,,,,,,
birth_region__others,1,645,0,0.0,107,0.166,0.166,,,,,,,,,,,
dayssup_gt360,1,645,0,0.0,514,0.797,0.797,,,,,,,,,,,
dayssup_le360,1,645,0,0.0,131,0.203,0.203,,,,,,,,,,,
gender__F,1,645,0,0.0,460,0.713,0.713,,,,,,,,,,,
gender__M,1,645,0,0.0,185,0.287,0.287,,,,,,,,,,,
last_cranial_num__gt8,1,645,0,0.0,163,0.253,0.253,,,,,,,,,,,
last_cranial_num__le8,1,645,0,0.0,108,0.167,0.167,,,,,,,,,,,
last_cranial_num__missing,1,645,0,0.0,374,0.58,0.58,,,,,,,,,,,
last_spinal_num__gt2,1,645,0,0.0,29,0.045,0.045,,,,,,,,,,,
last_spinal_num__le2,1,645,0,0.0,50,0.078,0.078,,,,,,,,,,,
last_spinal_num__missing,1,645,0,0.0,566,0.878,0.878,,,,,,,,,,,
pre_dmts_1__1,1,645,0,0.0,625,0.969,0.969,,,,,,,,,,,
pre_dmts_1__2,1,645,0,0.0,20,0.031,0.031,,,,,,,,,,,
pre_dmts_2__0_1,1,645,0,0.0,615,0.953,0.953,,,,,,,,,,,
pre_dmts_2__2_3,1,645,0,0.0,30,0.047,0.047,,,,,,,,,,,
pre_dmts_3__0_1,1,645,0,0.0,611,0.947,0.947,,,,,,,,,,,
pre_dmts_3__2_3,1,645,0,0.0,34,0.053,0.053,,,,,,,,,,,
pre_dmts_4__0_1,1,645,0,0.0,629,0.975,0.975,,,,,,,,,,,
pre_dmts_4__2_3,1,645,0,0.0,16,0.025,0.025,,,,,,,,,,,
pre1_edss_score__0_1,1,645,0,0.0,170,0.264,0.264,,,,,,,,,,,
pre1_edss_score__1d5_2,1,645,0,0.0,105,0.163,0.163,,,,,,,,,,,
pre1_edss_score__ge2d5,1,645,0,0.0,141,0.219,0.219,,,,,,,,,,,
pre1_edss_score__missing,1,645,0,0.0,229,0.355,0.355,,,,,,,,,,,
pre1_edssconf3__0,1,645,0,0.0,384,0.595,0.595,,,,,,,,,,,
pre1_edssconf3__1,1,645,0,0.0,32,0.05,0.05,,,,,,,,,,,
pre1_edssconf3__missing,1,645,0,0.0,229,0.355,0.355,,,,,,,,,,,
pre1_edssprog__0,1,645,0,0.0,373,0.578,0.578,,,,,,,,,,,
pre1_edssprog__1,1,645,0,0.0,43,0.067,0.067,,,,,,,,,,,
pre1_edssprog__missing,1,645,0,0.0,229,0.355,0.355,,,,,,,,,,,
pre2_edss_score__0_1,1,645,0,0.0,139,0.216,0.216,,,,,,,,,,,
pre2_edss_score__1d5_2,1,645,0,0.0,89,0.138,0.138,,,,,,,,,,,
pre2_edss_score__ge2d5,1,645,0,0.0,110,0.171,0.171,,,,,,,,,,,
pre2_edss_score__missing,1,645,0,0.0,307,0.476,0.476,,,,,,,,,,,
pre2_edssconf3__0,1,645,0,0.0,271,0.42,0.42,,,,,,,,,,,
pre2_edssconf3__1,1,645,0,0.0,18,0.028,0.028,,,,,,,,,,,
pre2_edssconf3__missing,1,645,0,0.0,356,0.552,0.552,,,,,,,,,,,
pre2_edssprog__0,1,645,0,0.0,269,0.417,0.417,,,,,,,,,,,
pre2_edssprog__1,1,645,0,0.0,20,0.031,0.031,,,,,,,,,,,
pre2_edssprog__missing,1,645,0,0.0,356,0.552,0.552,,,,,,,,,,,
pre3_edss_score__0_1,1,645,0,0.0,108,0.167,0.167,,,,,,,,,,,
pre3_edss_score__1d5_2,1,645,0,0.0,73,0.113,0.113,,,,,,,,,,,
pre3_edss_score__ge2d5,1,645,0,0.0,79,0.122,0.122,,,,,,,,,,,
pre3_edss_score__missing,1,645,0,0.0,385,0.597,0.597,,,,,,,,,,,
pre3_edssconf3__0,1,645,0,0.0,215,0.333,0.333,,,,,,,,,,,
pre3_edssconf3__1,1,645,0,0.0,20,0.031,0.031,,,,,,,,,,,
pre3_edssconf3__missing,1,645,0,0.0,410,0.636,0.636,,,,,,,,,,,
pre3_edssprog__0,1,645,0,0.0,209,0.324,0.324,,,,,,,,,,,
pre3_edssprog__1,1,645,0,0.0,26,0.04,0.04,,,,,,,,,,,
pre3_edssprog__missing,1,645,0,0.0,410,0.636,0.636,,,,,,,,,,,
relapse_pre_181to360_01__0,1,645,0,0.0,556,0.862,0.862,,,,,,,,,,,
relapse_pre_181to360_01__1,1,645,0,0.0,89,0.138,0.138,,,,,,,,,,,
relapse_pre_1to2_01__0,1,645,0,0.0,477,0.74,0.74,,,,,,,,,,,
relapse_pre_1to2_01__1,1,645,0,0.0,168,0.26,0.26,,,,,,,,,,,
relapse_pre_2to3_01__0,1,645,0,0.0,499,0.774,0.774,,,,,,,,,,,
relapse_pre_2to3_01__1,1,645,0,0.0,146,0.226,0.226,,,,,,,,,,,
relapse_pre_3to4_01__0,1,645,0,0.0,540,0.837,0.837,,,,,,,,,,,
relapse_pre_3to4_01__1,1,645,0,0.0,105,0.163,0.163,,,,,,,,,,,
relapse_pre_90_01__0,1,645,0,0.0,588,0.912,0.912,,,,,,,,,,,
relapse_pre_90_01__1,1,645,0,0.0,57,0.088,0.088,,,,,,,,,,,
relapse_pre_91to180_01__0,1,645,0,0.0,609,0.944,0.944,,,,,,,,,,,
relapse_pre_91to180_01__1,1,645,0,0.0,36,0.056,0.056,,,,,,,,,,,
years_diag_idx__gt2_le5,1,645,0,0.0,138,0.214,0.214,,,,,,,,,,,
years_diag_idx__gt5,1,645,0,0.0,359,0.557,0.557,,,,,,,,,,,
years_diag_idx__le2,1,645,0,0.0,147,0.228,0.228,,,,,,,,,,,
years_diag_idx__missing,1,645,0,0.0,1,0.002,0.002,,,,,,,,,,,
