variable,ColumnTypeFlag,NumberOfRecords,NumberOfMissing,pctOfMissing,NumberInThisCategory,pctOfThsCategory,AvgValue,minValue,percentile1,percentile5,percentile10,percentile25,percentile50,percentile75,percentile90,percentile95,percentile99,maxValue
relapse_fu_any_01,1,731,0,0.0,175,0.239,0.239,,,,,,,,,,,
edssprog,1,731,0,0.0,111,0.152,0.152,,,,,,,,,,,
edssconf3,1,731,0,0.0,64,0.088,0.088,,,,,,,,,,,
relapse_or_prog,1,731,0,0.0,243,0.332,0.332,,,,,,,,,,,
relapse_and_prog,1,731,0,0.0,43,0.059,0.059,,,,,,,,,,,
relapse_or_conf,1,731,0,0.0,220,0.301,0.301,,,,,,,,,,,
age__31to40,1,731,0,0.0,238,0.326,0.326,,,,,,,,,,,
age__41to50,1,731,0,0.0,245,0.335,0.335,,,,,,,,,,,
age__ge51,1,731,0,0.0,82,0.112,0.112,,,,,,,,,,,
age__le30,1,731,0,0.0,166,0.227,0.227,,,,,,,,,,,
avl_idx_alem__0,1,731,0,0.0,492,0.673,0.673,,,,,,,,,,,
avl_idx_alem__1,1,731,0,0.0,239,0.327,0.327,,,,,,,,,,,
avl_idx_fing__0,1,731,0,0.0,48,0.066,0.066,,,,,,,,,,,
avl_idx_fing__1,1,731,0,0.0,683,0.934,0.934,,,,,,,,,,,
avl_idx_tecf__0,1,731,0,0.0,577,0.789,0.789,,,,,,,,,,,
avl_idx_tecf__1,1,731,0,0.0,154,0.211,0.211,,,,,,,,,,,
avl_idx_teri__0,1,731,0,0.0,481,0.658,0.658,,,,,,,,,,,
avl_idx_teri__1,1,731,0,0.0,250,0.342,0.342,,,,,,,,,,,
baseline_edss_score__0_1,1,731,0,0.0,154,0.211,0.211,,,,,,,,,,,
baseline_edss_score__1d5_2,1,731,0,0.0,217,0.297,0.297,,,,,,,,,,,
baseline_edss_score__ge2d5,1,731,0,0.0,360,0.492,0.492,,,,,,,,,,,
birth_region__Central_Europe,1,731,0,0.0,539,0.737,0.737,,,,,,,,,,,
birth_region__missing,1,731,0,0.0,91,0.124,0.124,,,,,,,,,,,
birth_region__others,1,731,0,0.0,101,0.138,0.138,,,,,,,,,,,
dayssup_gt360,1,731,0,0.0,567,0.776,0.776,,,,,,,,,,,
dayssup_le360,1,731,0,0.0,164,0.224,0.224,,,,,,,,,,,
gender__F,1,731,0,0.0,538,0.736,0.736,,,,,,,,,,,
gender__M,1,731,0,0.0,193,0.264,0.264,,,,,,,,,,,
last_cranial_num__gt8,1,731,0,0.0,317,0.434,0.434,,,,,,,,,,,
last_cranial_num__le8,1,731,0,0.0,135,0.185,0.185,,,,,,,,,,,
last_cranial_num__missing,1,731,0,0.0,279,0.382,0.382,,,,,,,,,,,
last_spinal_num__gt2,1,731,0,0.0,96,0.131,0.131,,,,,,,,,,,
last_spinal_num__le2,1,731,0,0.0,79,0.108,0.108,,,,,,,,,,,
last_spinal_num__missing,1,731,0,0.0,556,0.761,0.761,,,,,,,,,,,
pre_dmts_1__1,1,731,0,0.0,699,0.956,0.956,,,,,,,,,,,
pre_dmts_1__2,1,731,0,0.0,32,0.044,0.044,,,,,,,,,,,
pre_dmts_2__0_1,1,731,0,0.0,688,0.941,0.941,,,,,,,,,,,
pre_dmts_2__2_3,1,731,0,0.0,43,0.059,0.059,,,,,,,,,,,
pre_dmts_3__0_1,1,731,0,0.0,694,0.949,0.949,,,,,,,,,,,
pre_dmts_3__2_3,1,731,0,0.0,37,0.051,0.051,,,,,,,,,,,
pre_dmts_4__0_1,1,731,0,0.0,708,0.969,0.969,,,,,,,,,,,
pre_dmts_4__2,1,731,0,0.0,23,0.031,0.031,,,,,,,,,,,
pre1_edss_score__0_1,1,731,0,0.0,158,0.216,0.216,,,,,,,,,,,
pre1_edss_score__1d5_2,1,731,0,0.0,122,0.167,0.167,,,,,,,,,,,
pre1_edss_score__ge2d5,1,731,0,0.0,168,0.23,0.23,,,,,,,,,,,
pre1_edss_score__missing,1,731,0,0.0,283,0.387,0.387,,,,,,,,,,,
pre1_edssconf3__0,1,731,0,0.0,365,0.499,0.499,,,,,,,,,,,
pre1_edssconf3__1,1,731,0,0.0,83,0.114,0.114,,,,,,,,,,,
pre1_edssconf3__missing,1,731,0,0.0,283,0.387,0.387,,,,,,,,,,,
pre1_edssprog__0,1,731,0,0.0,331,0.453,0.453,,,,,,,,,,,
pre1_edssprog__1,1,731,0,0.0,117,0.16,0.16,,,,,,,,,,,
pre1_edssprog__missing,1,731,0,0.0,283,0.387,0.387,,,,,,,,,,,
pre2_edss_score__0_1,1,731,0,0.0,116,0.159,0.159,,,,,,,,,,,
pre2_edss_score__1d5_2,1,731,0,0.0,89,0.122,0.122,,,,,,,,,,,
pre2_edss_score__ge2d5,1,731,0,0.0,104,0.142,0.142,,,,,,,,,,,
pre2_edss_score__missing,1,731,0,0.0,422,0.577,0.577,,,,,,,,,,,
pre2_edssconf3__0,1,731,0,0.0,238,0.326,0.326,,,,,,,,,,,
pre2_edssconf3__1,1,731,0,0.0,34,0.047,0.047,,,,,,,,,,,
pre2_edssconf3__missing,1,731,0,0.0,459,0.628,0.628,,,,,,,,,,,
pre2_edssprog__0,1,731,0,0.0,232,0.317,0.317,,,,,,,,,,,
pre2_edssprog__1,1,731,0,0.0,40,0.055,0.055,,,,,,,,,,,
pre2_edssprog__missing,1,731,0,0.0,459,0.628,0.628,,,,,,,,,,,
pre3_edss_score__0_1,1,731,0,0.0,64,0.088,0.088,,,,,,,,,,,
pre3_edss_score__1d5_2,1,731,0,0.0,73,0.1,0.1,,,,,,,,,,,
pre3_edss_score__ge2d5,1,731,0,0.0,56,0.077,0.077,,,,,,,,,,,
pre3_edss_score__missing,1,731,0,0.0,538,0.736,0.736,,,,,,,,,,,
pre3_edssconf3__0,1,731,0,0.0,149,0.204,0.204,,,,,,,,,,,
pre3_edssconf3__1,1,731,0,0.0,17,0.023,0.023,,,,,,,,,,,
pre3_edssconf3__missing,1,731,0,0.0,565,0.773,0.773,,,,,,,,,,,
pre3_edssprog__0,1,731,0,0.0,146,0.2,0.2,,,,,,,,,,,
pre3_edssprog__1,1,731,0,0.0,20,0.027,0.027,,,,,,,,,,,
pre3_edssprog__missing,1,731,0,0.0,565,0.773,0.773,,,,,,,,,,,
relapse_pre_181to360_01__0,1,731,0,0.0,484,0.662,0.662,,,,,,,,,,,
relapse_pre_181to360_01__1,1,731,0,0.0,247,0.338,0.338,,,,,,,,,,,
relapse_pre_1to2_01__0,1,731,0,0.0,468,0.64,0.64,,,,,,,,,,,
relapse_pre_1to2_01__1,1,731,0,0.0,263,0.36,0.36,,,,,,,,,,,
relapse_pre_2to3_01__0,1,731,0,0.0,568,0.777,0.777,,,,,,,,,,,
relapse_pre_2to3_01__1,1,731,0,0.0,163,0.223,0.223,,,,,,,,,,,
relapse_pre_3to4_01__0,1,731,0,0.0,627,0.858,0.858,,,,,,,,,,,
relapse_pre_3to4_01__1,1,731,0,0.0,104,0.142,0.142,,,,,,,,,,,
relapse_pre_90_01__0,1,731,0,0.0,456,0.624,0.624,,,,,,,,,,,
relapse_pre_90_01__1,1,731,0,0.0,275,0.376,0.376,,,,,,,,,,,
relapse_pre_91to180_01__0,1,731,0,0.0,521,0.713,0.713,,,,,,,,,,,
relapse_pre_91to180_01__1,1,731,0,0.0,210,0.287,0.287,,,,,,,,,,,
years_diag_idx__gt2_le5,1,731,0,0.0,191,0.261,0.261,,,,,,,,,,,
years_diag_idx__gt5,1,731,0,0.0,369,0.505,0.505,,,,,,,,,,,
years_diag_idx__le2,1,731,0,0.0,171,0.234,0.234,,,,,,,,,,,
years_diag_idx__missing,2,731,0,0.0,0,0.0,0.0,,,,,,,,,,,
