variable,ColumnTypeFlag,NumberOfRecords,NumberOfMissing,pctOfMissing,NumberInThisCategory,pctOfThsCategory,AvgValue,minValue,percentile1,percentile5,percentile10,percentile25,percentile50,percentile75,percentile90,percentile95,percentile99,maxValue
relapse_fu_any_01,1,4354,0,0.0,807,0.185,0.185,,,,,,,,,,,
edssprog,1,4354,0,0.0,409,0.094,0.094,,,,,,,,,,,
edssconf3,1,4354,0,0.0,186,0.043,0.043,,,,,,,,,,,
relapse_or_prog,1,4354,0,0.0,1058,0.243,0.243,,,,,,,,,,,
relapse_and_prog,1,4354,0,0.0,158,0.036,0.036,,,,,,,,,,,
relapse_or_conf,1,4354,0,0.0,936,0.215,0.215,,,,,,,,,,,
age__31to40,1,4354,0,0.0,1252,0.288,0.288,,,,,,,,,,,
age__41to50,1,4354,0,0.0,1457,0.335,0.335,,,,,,,,,,,
age__ge51,1,4354,0,0.0,761,0.175,0.175,,,,,,,,,,,
age__le30,1,4354,0,0.0,884,0.203,0.203,,,,,,,,,,,
avl_idx_alem__0,1,4354,0,0.0,2548,0.585,0.585,,,,,,,,,,,
avl_idx_alem__1,1,4354,0,0.0,1806,0.415,0.415,,,,,,,,,,,
avl_idx_fing__0,1,4354,0,0.0,784,0.18,0.18,,,,,,,,,,,
avl_idx_fing__1,1,4354,0,0.0,3570,0.82,0.82,,,,,,,,,,,
avl_idx_tecf__0,1,4354,0,0.0,2922,0.671,0.671,,,,,,,,,,,
avl_idx_tecf__1,1,4354,0,0.0,1432,0.329,0.329,,,,,,,,,,,
avl_idx_teri__0,1,4354,0,0.0,2498,0.574,0.574,,,,,,,,,,,
avl_idx_teri__1,1,4354,0,0.0,1856,0.426,0.426,,,,,,,,,,,
baseline_edss_score__0_1,1,4354,0,0.0,1763,0.405,0.405,,,,,,,,,,,
baseline_edss_score__1d5_2,1,4354,0,0.0,1201,0.276,0.276,,,,,,,,,,,
baseline_edss_score__ge2d5,1,4354,0,0.0,1390,0.319,0.319,,,,,,,,,,,
birth_region__Central_Europe,1,4354,0,0.0,3155,0.725,0.725,,,,,,,,,,,
birth_region__missing,1,4354,0,0.0,634,0.146,0.146,,,,,,,,,,,
birth_region__others,1,4354,0,0.0,565,0.13,0.13,,,,,,,,,,,
dayssup_gt360,1,4354,0,0.0,3137,0.72,0.72,,,,,,,,,,,
dayssup_le360,1,4354,0,0.0,1217,0.28,0.28,,,,,,,,,,,
gender__F,1,4354,0,0.0,3179,0.73,0.73,,,,,,,,,,,
gender__M,1,4354,0,0.0,1175,0.27,0.27,,,,,,,,,,,
last_cranial_num__gt8,1,4354,0,0.0,922,0.212,0.212,,,,,,,,,,,
last_cranial_num__le8,1,4354,0,0.0,735,0.169,0.169,,,,,,,,,,,
last_cranial_num__missing,1,4354,0,0.0,2697,0.619,0.619,,,,,,,,,,,
last_spinal_num__gt2,1,4354,0,0.0,245,0.056,0.056,,,,,,,,,,,
last_spinal_num__le2,1,4354,0,0.0,360,0.083,0.083,,,,,,,,,,,
last_spinal_num__missing,1,4354,0,0.0,3749,0.861,0.861,,,,,,,,,,,
pre_dmts_1__0_1,1,4354,0,0.0,4311,0.99,0.99,,,,,,,,,,,
pre_dmts_1__2,1,4354,0,0.0,43,0.01,0.01,,,,,,,,,,,
pre_dmts_2__0,1,4354,0,0.0,3328,0.764,0.764,,,,,,,,,,,
pre_dmts_2__1_OR_2_OR_3,1,4354,0,0.0,1026,0.236,0.236,,,,,,,,,,,
pre_dmts_3__0,1,4354,0,0.0,3470,0.797,0.797,,,,,,,,,,,
pre_dmts_3__1_OR_2,1,4354,0,0.0,884,0.203,0.203,,,,,,,,,,,
pre_dmts_4__0,1,4354,0,0.0,3616,0.831,0.831,,,,,,,,,,,
pre_dmts_4__1_OR_2_OR_3,1,4354,0,0.0,738,0.169,0.169,,,,,,,,,,,
pre1_edss_score__0_1,1,4354,0,0.0,1044,0.24,0.24,,,,,,,,,,,
pre1_edss_score__1d5_2,1,4354,0,0.0,671,0.154,0.154,,,,,,,,,,,
pre1_edss_score__ge2d5,1,4354,0,0.0,689,0.158,0.158,,,,,,,,,,,
pre1_edss_score__missing,1,4354,0,0.0,1950,0.448,0.448,,,,,,,,,,,
pre1_edssconf3__0,1,4354,0,0.0,2213,0.508,0.508,,,,,,,,,,,
pre1_edssconf3__1,1,4354,0,0.0,191,0.044,0.044,,,,,,,,,,,
pre1_edssconf3__missing,1,4354,0,0.0,1950,0.448,0.448,,,,,,,,,,,
pre1_edssprog__0,1,4354,0,0.0,2151,0.494,0.494,,,,,,,,,,,
pre1_edssprog__1,1,4354,0,0.0,253,0.058,0.058,,,,,,,,,,,
pre1_edssprog__missing,1,4354,0,0.0,1950,0.448,0.448,,,,,,,,,,,
pre2_edss_score__0_1,1,4354,0,0.0,642,0.147,0.147,,,,,,,,,,,
pre2_edss_score__1d5_2,1,4354,0,0.0,397,0.091,0.091,,,,,,,,,,,
pre2_edss_score__ge2d5,1,4354,0,0.0,400,0.092,0.092,,,,,,,,,,,
pre2_edss_score__missing,1,4354,0,0.0,2915,0.669,0.669,,,,,,,,,,,
pre2_edssconf3__0,1,4354,0,0.0,1149,0.264,0.264,,,,,,,,,,,
pre2_edssconf3__1,1,4354,0,0.0,113,0.026,0.026,,,,,,,,,,,
pre2_edssconf3__missing,1,4354,0,0.0,3092,0.71,0.71,,,,,,,,,,,
pre2_edssprog__0,1,4354,0,0.0,1129,0.259,0.259,,,,,,,,,,,
pre2_edssprog__1,1,4354,0,0.0,133,0.031,0.031,,,,,,,,,,,
pre2_edssprog__missing,1,4354,0,0.0,3092,0.71,0.71,,,,,,,,,,,
pre3_edss_score__0_1,1,4354,0,0.0,380,0.087,0.087,,,,,,,,,,,
pre3_edss_score__1d5_2,1,4354,0,0.0,249,0.057,0.057,,,,,,,,,,,
pre3_edss_score__ge2d5,1,4354,0,0.0,241,0.055,0.055,,,,,,,,,,,
pre3_edss_score__missing,1,4354,0,0.0,3484,0.8,0.8,,,,,,,,,,,
pre3_edssconf3__0,1,4354,0,0.0,686,0.158,0.158,,,,,,,,,,,
pre3_edssconf3__1,1,4354,0,0.0,62,0.014,0.014,,,,,,,,,,,
pre3_edssconf3__missing,1,4354,0,0.0,3606,0.828,0.828,,,,,,,,,,,
pre3_edssprog__0,1,4354,0,0.0,683,0.157,0.157,,,,,,,,,,,
pre3_edssprog__1,1,4354,0,0.0,65,0.015,0.015,,,,,,,,,,,
pre3_edssprog__missing,1,4354,0,0.0,3606,0.828,0.828,,,,,,,,,,,
relapse_pre_181to360_01__0,1,4354,0,0.0,3624,0.832,0.832,,,,,,,,,,,
relapse_pre_181to360_01__1,1,4354,0,0.0,730,0.168,0.168,,,,,,,,,,,
relapse_pre_1to2_01__0,1,4354,0,0.0,3363,0.772,0.772,,,,,,,,,,,
relapse_pre_1to2_01__1,1,4354,0,0.0,991,0.228,0.228,,,,,,,,,,,
relapse_pre_2to3_01__0,1,4354,0,0.0,3776,0.867,0.867,,,,,,,,,,,
relapse_pre_2to3_01__1,1,4354,0,0.0,578,0.133,0.133,,,,,,,,,,,
relapse_pre_3to4_01__0,1,4354,0,0.0,3976,0.913,0.913,,,,,,,,,,,
relapse_pre_3to4_01__1,1,4354,0,0.0,378,0.087,0.087,,,,,,,,,,,
relapse_pre_90_01__0,1,4354,0,0.0,3929,0.902,0.902,,,,,,,,,,,
relapse_pre_90_01__1,1,4354,0,0.0,425,0.098,0.098,,,,,,,,,,,
relapse_pre_91to180_01__0,1,4354,0,0.0,3959,0.909,0.909,,,,,,,,,,,
relapse_pre_91to180_01__1,1,4354,0,0.0,395,0.091,0.091,,,,,,,,,,,
years_diag_idx__gt2_le5,1,4354,0,0.0,964,0.221,0.221,,,,,,,,,,,
years_diag_idx__gt5,1,4354,0,0.0,2037,0.468,0.468,,,,,,,,,,,
years_diag_idx__le2,1,4354,0,0.0,1334,0.306,0.306,,,,,,,,,,,
years_diag_idx__missing,1,4354,0,0.0,19,0.004,0.004,,,,,,,,,,,
